20250407
20250408
20250409
20250410
20250411
20250414
20250415
20250416
20250417
20250418
20250421
20250422
20250423
20250424
20250425
20250428
20250429
20250430
20250502
20250505
20250506
20250507
20250508
20250509
20250512
20250513
20250514
20250515
20250516
20250519
20250520
20250521
20250522
20250523
20250526
20250527
20250528
20250529
20250602
20250603
20250604
20250605
20250606
20250609
20250610
20250611
20250612
20250613
20250616
20250617
20250618
20250619
20250620
20260102
20260103
20260104
20260105
20260106
20260107
20260108
20260109
20260110
20260111
20260112
20260113
20260114
20260115
20260116
20260117
20260118
20260119
20260120
20260121
20260111
20260123
20260124
20260125
20260126
20260127
20260118
20260129
20260130
20260131
20260201
20260202
20260203
20260204
20260205
20260206
20260207
20260208
20260209
20260210
20260211
20260223
20260224
20260225
20260226